001100001
010100011
010100011
000100001
001111100
011000111
000111001
011001111
000111001
011010111
001011111
000011110
100001111
001101110
010101011
010101010
001111101
001110001
010110011
010110010
011111000
000111101
001100000
110000001
011111000
000111101
000100101
111100011
000000000
001100000
001011001
010011011
010011011
001111101
011000111
101000110
001111011
101000111
011111000
000011101
000101101
000100101
111100010
000000001
001100001
010100011
010100011
001000000
001111101
011110111
001111000
011001111
101001110
101001111
001111011
011111001
000101101
000011101
000000101
000010101
111100010
000000010
010000000
